29236704
28204573
28095659
27196872
26548716
26502589
26475708
26335466
26302680
26268354
26204196
25911036
25875302
25492030
25065953
23791796
23762466
23116940
22465334
9754885
29089358
28934368
28915543
28910725
28873037
28807679
28678567
28536799
28489821
28414942
28335864
28335860
28320616
28129860
28129858
28129853
28129840
27909858
27860407
27646310
29117438
29115578
29076351
29058013
29023224
28987069
28930070
28927532
28922741
28884791
28841494
28835471
28811180
28734242
28718799
28714785
28700578
28662755
28650995
28632131
28624525
28618368
28503871
28430864
28409342
28395206
28349300
28342328
28267653
28242497
28236114
28217866
28167213
28129849
28080214
27615194
27705817
27670815
27396581
26646157
